100
1 4 3
173 2 1
3 4 2
847 63 624
4 3 2
512 777 517
78 609 51
151 892 914
946 659 603
513 513 256
1000 1000 1
730 170 466
601 133 219
175 482 94
2 4 2
666 783 711
592 660 309
201 737 193
414 295 63
4 3 1
974 637 99
903 247 123
512 512 2
324 745 255
4 5 2
816 245 19
2 1 5
985 703 678
3 1 1
307 15 6
196 113 44
532 688 62
3 3 1
54 436 957
1 1 1
512 512 513
5 4 1
513 513 512
744 572 665
195 805 189
872 981 995
667 342 506
17 907 931
455 730 314
133 930 74
103 143 88
531 302 272
1 1 1000
626 794 62
496 373 25
7 8 5
127 724 621
411 352 339
2 5 4
519 666 459
470 590 266
3 4 4
513 513 2
2 5 5
610 88 764
585 854 547
3 3 3
1 3 1
512 512 1
513 513 1
480 214 164
967 771 849
2 5 2
45 56 35
525 552 144
925 70 3
315 39 529
502 325 938
675 754 204
5 5 5
892 731 727
163 133 45
3 3 4
216 603 487
220 80 370
3 5 3
647 348 967
512 512 256
651 95 52
2 1 1
343 430 752
549 81 3
674 940 81
702 398 979
2 3 1
320 558 603
2 2 1
512 512 257
379 19 11
637 781 812
398 896 391
513 513 257
406 696 313
158 942 986
304 792 585
