100
1 2
383 908
21 221
342 609
7 9
139 509
21 485
3 104
1 122
192 523
9 122
65 302
90 476
3 485
4 109
159 953
113 360
8 302
121 742
185 984
484 485
303 484
9 109
1 742
7 302
3 4
7 109
1 484
142 610
8 9
1 9
3 10
36 753
3 9
489 776
4 104
9 584
100 1000
385 568
8 584
3 584
122 483
1 10
1 584
1 65
9 742
121 484
884 981
22 838
120 485
1 1
602 956
153 866
9 121
121 302
717 938
297 574
259 276
134 929
95 794
384 742
239 751
1 5
120 742
254 846
347 633
3 742
338 868
7 485
314 634
8 122
3 5
3 6
9 9
483 742
21 121
65 484
1 6
1 1000
1 104
65 221
8 65
1 221
1 121
834 960
1 109
7 65
10 120
1 4
1 485
3 65
364 655
122 1000
605 781
598 716
896 969
3 109
455 716
21 302
75 807
